{
 "cells": [
  {
   "cell_type": "code",
   "execution_count": 8,
   "id": "00a0092f-787f-4467-a78b-278b02cc0ad3",
   "metadata": {},
   "outputs": [
    {
     "name": "stdout",
     "output_type": "stream",
     "text": [
      "230610 -0.217 0.24 -0.635 0.497\n",
      "230524 -0.28 0.243 -0.374 0.325\n",
      "230427 -0.481 0.507 -0.393 0.307\n",
      "230514 -0.6 0.48 -0.856 0.436\n",
      "230502 -0.601 0.45 -0.546 0.436\n",
      "230530 -0.283 0.258 -0.415 0.633\n",
      "230526 -0.226 0.355 -0.309 0.288\n",
      "230425 -0.219 0.247 -0.385 0.255\n",
      "230423 -0.328 0.382 -0.246 0.311\n",
      "230520 -0.297 0.258 -0.423 0.478\n",
      "230528 -0.411 0.509 -0.493 0.579\n",
      "230602 -0.278 0.221 -0.646 0.531\n",
      "230512 -0.296 0.395 -0.449 0.51\n",
      "230608 -0.38 0.407 -0.622 0.439\n",
      "230421 -0.303 0.237 -0.55 0.582\n",
      "230510 -0.43 0.472 -0.371 0.384\n",
      "230525 -0.357 0.223 -0.452 0.332\n",
      "230426 -0.294 0.268 -0.516 0.52\n",
      "230517 -0.321 0.276 -0.454 0.41\n",
      "230503 -0.362 0.191 -0.63 0.592\n",
      "230515 -0.467 0.419 -0.522 0.584\n",
      "230529 -0.328 0.279 -0.354 0.341\n",
      "230505 -0.25 0.263 -0.515 0.399\n",
      "230422 -0.391 0.321 -0.793 0.868\n",
      "230521 -0.287 0.316 -0.354 0.368\n",
      "230511 -0.504 0.634 -0.415 0.369\n",
      "230428 -0.376 0.242 -0.537 0.483\n",
      "230324 -0.546 0.483 -0.115 0.184\n",
      "230519 -0.255 0.306 -0.347 0.26\n",
      "230420 -0.584 0.578 -0.556 0.366\n",
      "230609 -0.176 0.222 -0.548 0.508\n",
      "        alpha1_min  alpha1_max  alpha2_min  alpha2_max\n",
      "230610      -0.217       0.240      -0.635       0.497\n",
      "230524      -0.280       0.243      -0.374       0.325\n",
      "230427      -0.481       0.507      -0.393       0.307\n",
      "230514      -0.600       0.480      -0.856       0.436\n",
      "230502      -0.601       0.450      -0.546       0.436\n",
      "230530      -0.283       0.258      -0.415       0.633\n",
      "230526      -0.226       0.355      -0.309       0.288\n",
      "230425      -0.219       0.247      -0.385       0.255\n",
      "230423      -0.328       0.382      -0.246       0.311\n",
      "230520      -0.297       0.258      -0.423       0.478\n",
      "230528      -0.411       0.509      -0.493       0.579\n",
      "230602      -0.278       0.221      -0.646       0.531\n",
      "230512      -0.296       0.395      -0.449       0.510\n",
      "230608      -0.380       0.407      -0.622       0.439\n",
      "230421      -0.303       0.237      -0.550       0.582\n",
      "230510      -0.430       0.472      -0.371       0.384\n",
      "230525      -0.357       0.223      -0.452       0.332\n",
      "230426      -0.294       0.268      -0.516       0.520\n",
      "230517      -0.321       0.276      -0.454       0.410\n",
      "230503      -0.362       0.191      -0.630       0.592\n",
      "230515      -0.467       0.419      -0.522       0.584\n",
      "230529      -0.328       0.279      -0.354       0.341\n",
      "230505      -0.250       0.263      -0.515       0.399\n",
      "230422      -0.391       0.321      -0.793       0.868\n",
      "230521      -0.287       0.316      -0.354       0.368\n",
      "230511      -0.504       0.634      -0.415       0.369\n",
      "230428      -0.376       0.242      -0.537       0.483\n",
      "230324      -0.546       0.483      -0.115       0.184\n",
      "230519      -0.255       0.306      -0.347       0.260\n",
      "230420      -0.584       0.578      -0.556       0.366\n",
      "230609      -0.176       0.222      -0.548       0.508\n",
      "        alpha1_min  alpha1_max  alpha2_min  alpha2_max\n",
      "230324      -0.546       0.483      -0.115       0.184\n",
      "230420      -0.584       0.578      -0.556       0.366\n",
      "230421      -0.303       0.237      -0.550       0.582\n",
      "230422      -0.391       0.321      -0.793       0.868\n",
      "230423      -0.328       0.382      -0.246       0.311\n",
      "230425      -0.219       0.247      -0.385       0.255\n",
      "230426      -0.294       0.268      -0.516       0.520\n",
      "230427      -0.481       0.507      -0.393       0.307\n",
      "230428      -0.376       0.242      -0.537       0.483\n",
      "230502      -0.601       0.450      -0.546       0.436\n",
      "230503      -0.362       0.191      -0.630       0.592\n",
      "230505      -0.250       0.263      -0.515       0.399\n",
      "230510      -0.430       0.472      -0.371       0.384\n",
      "230511      -0.504       0.634      -0.415       0.369\n",
      "230512      -0.296       0.395      -0.449       0.510\n",
      "230514      -0.600       0.480      -0.856       0.436\n",
      "230515      -0.467       0.419      -0.522       0.584\n",
      "230517      -0.321       0.276      -0.454       0.410\n",
      "230519      -0.255       0.306      -0.347       0.260\n",
      "230520      -0.297       0.258      -0.423       0.478\n",
      "230521      -0.287       0.316      -0.354       0.368\n",
      "230524      -0.280       0.243      -0.374       0.325\n",
      "230525      -0.357       0.223      -0.452       0.332\n",
      "230526      -0.226       0.355      -0.309       0.288\n",
      "230528      -0.411       0.509      -0.493       0.579\n",
      "230529      -0.328       0.279      -0.354       0.341\n",
      "230530      -0.283       0.258      -0.415       0.633\n",
      "230602      -0.278       0.221      -0.646       0.531\n",
      "230608      -0.380       0.407      -0.622       0.439\n",
      "230609      -0.176       0.222      -0.548       0.508\n",
      "230610      -0.217       0.240      -0.635       0.497\n"
     ]
    }
   ],
   "source": [
    "import os\n",
    "import numpy as np\n",
    "import pandas as pd\n",
    "lst=[]\n",
    "name=[]\n",
    "for root, dirs, files in os.walk(\"sm\"):  \n",
    "    for filename in files:\n",
    "        data=pd.read_csv('sm/'+filename, sep='\\s+')\n",
    "        alpha1=data['~AlphaE[arc.min]']\n",
    "        alpha2=data['~AlphaN[arc.min]']\n",
    "        print(filename[:6], min(alpha1), max(alpha1),min(alpha2), max(alpha2))\n",
    "        lst.append([min(alpha1),max(alpha1),min(alpha2),max(alpha2)])\n",
    "        name.append(int(filename[:6]))\n",
    "col=['alpha1_min','alpha1_max','alpha2_min','alpha2_max']\n",
    "df=pd.DataFrame(lst, index=name, columns=col)\n",
    "df.sort_index(inplace=True)\n",
    "df.to_excel(\"Журнал угловых ошибок.xlsx\", sheet_name='Smoothed')"
   ]
  },
  {
   "cell_type": "code",
   "execution_count": null,
   "id": "6ea5f40f-2f80-44b3-81f4-f322abf716d7",
   "metadata": {},
   "outputs": [],
   "source": []
  }
 ],
 "metadata": {
  "kernelspec": {
   "display_name": "Python 3 (ipykernel)",
   "language": "python",
   "name": "python3"
  },
  "language_info": {
   "codemirror_mode": {
    "name": "ipython",
    "version": 3
   },
   "file_extension": ".py",
   "mimetype": "text/x-python",
   "name": "python",
   "nbconvert_exporter": "python",
   "pygments_lexer": "ipython3",
   "version": "3.9.4"
  }
 },
 "nbformat": 4,
 "nbformat_minor": 5
}
